Alex Meza
a13208068
10/31/17

Cse 158, Homework 2:


Question 1:

Accuracy of Validation, and Testing Sets: 0.90028199436 0.577788444231

Question 2:

(no work to show) 

Question 3:

False Positives: 10465  False Negatives: 106  True Positives:  5806  True Negatives:  290
Ber of classifier made from keywords in review is:  0.4954827159724935

Question 4:

Performance of Optimum Training Prediction:  0.561442457698
Performance of Optimum Validation Prediction:  0.95122097558
Performance of Optimum Testing Prediction:  0.357472850543

Question 5:

PCA components of Xtrain:
 [[  2.91553267e-04   3.36316078e-03  -4.92016461e-03   1.22605289e-02
    8.02994923e-01   2.01250020e-04   5.90516350e-01   7.22369875e-02
    1.75711994e-04   3.29456581e-02]
 [ -2.36616086e-03  -8.55889699e-03  -1.91717318e-02   1.45794087e-02
   -5.92410182e-01   4.74330032e-04   8.05130166e-01  -4.97366274e-03
   -1.28579556e-03   1.14021305e-02]
 [  3.99780701e-03   4.58510040e-02   1.01611015e-01   1.87044464e-03
   -6.24232301e-02  -5.23321160e-05  -3.73196976e-02   9.90698551e-01
    9.18564879e-04   2.79198868e-02]
 [ -1.52012269e-04   2.00218881e-02  -1.04163870e-02   2.44992682e-02
   -1.80912429e-02   8.60712007e-05  -2.81132009e-02  -3.02427712e-02
    2.45592725e-03   9.98424798e-01]
 [  2.55382520e-02   2.24799457e-01   9.67585118e-01   7.19960887e-03
   -2.31187652e-03   9.62965425e-03   2.29568098e-02  -1.09118707e-01
    9.38463609e-04   2.70997623e-03]
 [  3.54769091e-02   9.72027558e-01  -2.29341823e-01   1.34748385e-02
   -4.20493294e-03   8.77575267e-03   1.83813401e-03  -2.11898082e-02
    7.29985353e-03  -2.28954543e-02]
 [  5.66835271e-03  -1.55377546e-02  -3.62210660e-03   9.99363327e-01
   -5.81954419e-04   5.54584002e-03  -1.84164136e-02  -8.50413772e-04
    2.59682946e-04  -2.48036199e-02]
 [  9.96955075e-01  -4.09453361e-02  -1.74561630e-02  -6.65912506e-03
   -1.16153723e-03   6.34885323e-02   1.28440550e-03  -3.69526311e-04
   -4.48757759e-03   9.63660068e-04]
 [ -6.40484881e-02  -7.96385717e-03  -6.17769008e-03  -5.32627798e-03
    2.60276502e-04   9.97852694e-01  -7.26121605e-04   1.31450704e-03
   -7.44873354e-03   1.72584485e-04]
 [  3.70628217e-03  -7.64907081e-03   5.51204371e-04  -4.79523814e-04
   -7.71354670e-04   7.64404986e-03   1.00504146e-03  -5.89435260e-04
    9.99930789e-01  -2.29235033e-03]]

Questin 6:

First data point after dimentionality reduction:
 [ -6.73224036e-01  -1.02494007e-03  -4.42142073e-02  -4.08818841e-02
   2.22068793e-01   1.02936537e+00  -1.55353909e-02   1.95071920e+00
  -1.38498514e-01  -2.07846559e-03]

Question 7:

Error of using only 2 components:  8346.76973501

Question 8: 
(See Plot)
